1.2056895091626028157e-18  
1.8469745272762673137e-18  
1.8469745272762673137e-18  
1.8469745272762673137e-18  
1.8469745272762673137e-18  
1.8469745272762673137e-18  
1.8469745272762673137e-18  
1.8469745272762673137e-18  
1.8469745272762673137e-18  
1.8469745272762673137e-18  
1.8469745272762673137e-18  
1.8469745272762673137e-18  
1.8469745272762673137e-18  
1.8469745272762673137e-18  
1.8469745272762673137e-18  
1.8469745272762673137e-18  
1.8469745272762673137e-18  
1.8469745272762673137e-18  
1.8469745272762673137e-18  
1.8469745272762673137e-18  
1.8469745272762673137e-18  
1.8469745272762673137e-18  
1.8469745272762673137e-18  
1.8469745272762673137e-18  
1.8469745272762673137e-18  
1.8469745272762673137e-18  
1.8469745272762673137e-18  
1.8469745272762673137e-18  
1.8469745272762673137e-18  
1.8469745272762673137e-18  
1.8469745272762673137e-18  
1.8469745272762673137e-18  
1.8469745272762673137e-18  
1.8469745272762673137e-18  
1.8469745272762673137e-18  
1.8469745272762673137e-18  
1.8469745272762673137e-18  
1.8469745272762673137e-18  
1.8469745272762673137e-18  
1.8469745272762673137e-18  
1.8469745272762673137e-18  
1.8469745272762673137e-18  
1.8469745272762673137e-18  
1.8469745272762673137e-18  
1.8469745272762673137e-18  
1.8469745272762673137e-18  
1.8469745272762673137e-18  
1.8469745272762673137e-18  
1.8469745272762673137e-18  
1.8469745272762673137e-18  
1.8469745272762673137e-18  
1.8469745272762673137e-18  
1.8469745272762673137e-18  
1.8469745272762673137e-18  
1.8469745272762673137e-18  
1.8469745272762673137e-18  
1.8469745272762673137e-18  
1.8469745272762673137e-18  
1.8469745272762673137e-18  
1.8469745272762673137e-18  
1.8469745272762673137e-18  
2.4497531049241132457e-18  
4.098407030143511831e-18  
5.6858748496355641345e-18  
8.751183821630878066e-18  
1.259026702808210346e-17  
1.7951253010117642664e-17  
2.3965570707899222386e-17  
3.1764213949066080936e-17  
4.0910545788113702551e-17  
5.1004738279257933898e-17  
6.2909216086583077232e-17  
7.8053535953548691413e-17  
9.5929633407189365362e-17  
1.1724938628956550624e-16  
1.4226762791797334632e-16  
1.7045328855067546062e-16  
2.0352952982258468265e-16  
2.429328302003806293e-16  
2.8938285334492262252e-16  
3.4390725167780389292e-16  
4.0685312889672181599e-16  
4.810513666920908809e-16  
5.6885789358867703796e-16  
6.7215231698178403695e-16  
7.9353777877623322878e-16  
9.3585497947805869696e-16  
1.1032346650879067653e-15  
1.300041638831277786e-15  
1.5305040196921890742e-15  
1.8019687162504709851e-15  
2.1209003649281120033e-15  
2.4941940422734294175e-15  
2.931175338908571432e-15  
3.4415564767826029328e-15  
4.0393602482399217055e-15  
4.7381074844158134193e-15  
5.5558861028597815305e-15  
6.5110863273753543031e-15  
7.626447363283797427e-15  
8.9296429959216313446e-15  
1.0450573763340519483e-14  
1.2225962169116586673e-14  
1.4297600646677354782e-14  
1.6713017957850440483e-14  
1.9527551631571673078e-14  
2.2807353727943218953e-14  
2.6626870760935855197e-14  
3.1073692309736830213e-14  
3.6248637960849367817e-14  
4.2268416849821190951e-14  
4.926695669489373406e-14  
5.7401114868835475644e-14  
6.685257178205261255e-14  
7.7829759384022115489e-14  
9.0575170887385647725e-14  
1.0536684644715109569e-13  
1.2252705734965167575e-13  
1.4242664487919946943e-13  
1.6549422318920905237e-13  
1.9222361472343720276e-13  
2.231843359055239655e-13  
2.5903225610374205992e-13  
3.0052230443765446067e-13  
3.4852387936726443155e-13  
4.0403844757453602287e-13  
4.6821734102986315506e-13  
5.4238344897548772459e-13  
6.2805802383320128905e-13  
7.2698755999715190835e-13  
8.4117913733357495171e-13  
9.7293605059408788489e-13  
1.1249002126428748222e-12  
1.3001029929371682874e-12  
1.5020195590158786489e-12  
1.7346332316594237288e-12  
2.0025064043759863282e-12  
2.310863874268999041e-12  
2.6656867321757028814e-12  
3.0738168830249206942e-12  
3.5430817417078961152e-12  
4.08242827862533921e-12  
4.7020823761138078691e-12  
5.4137256735269051083e-12  
6.2306970226572122978e-12  
7.1682213870222013748e-12  
8.2436695541457492108e-12  
9.4768512790406668529e-12  
1.0890351612968484567e-11  
1.2509906758983529789e-11  
1.4364834500549054464e-11  
1.6488514366696048861e-11  
1.8918939861123160912e-11  
2.1699336393351886815e-11  
2.4878860790899237925e-11  
2.8513392871168058715e-11  
3.2666429266360053339e-11  
3.7410092832192016348e-11  
4.2826272490263581212e-11  
4.9007904142482418093e-11  
5.6060419940591502761e-11  
6.4103379297285372191e-11  
7.3272307241218201315e-11  
8.3720760943391634595e-11  
9.5622660567946967022e-11  
1.0917490833477013687e-10  
1.2460033316555821326e-10  
1.4215100091043975288e-10  
1.6211193496129420505e-10  
1.8480529168849541167e-10  
2.1059505150592203648e-10  
2.3989227665363426142e-10  
2.7316101251695819319e-10  
3.1092490002494385751e-10  
3.5377458654657244352e-10  
4.0237602619376946912e-10  
4.5747977414946899228e-10  
5.1993138323637246889e-10  
5.9068303510394267867e-10  
6.7080654644795850896e-10  
7.6150790162364935235e-10  
8.6414348738157252029e-10  
9.8023822025196095916e-10  
1.1115057768148971604e-09  
1.2598711650716269296e-09  
1.4274958877428157481e-09  
1.6168059971169492519e-09  
1.8305233410097214504e-09  
2.0717003646973233171e-09  
2.3437588463109372975e-09  
2.6505329908102845819e-09  
2.9963173589644289306e-09  
3.385920141176813272e-09  
3.8247223502298481678e-09  
4.3187435603321949122e-09  
4.8747148815794666369e-09  
5.5001599322474270796e-09  
6.203484644882117182e-09  
6.9940768200638889659e-09  
7.8824164413891053637e-09  
8.8801978572088486915e-09  
1.0000465045093288442e-08  
1.125776128711365459e-08  
1.266829471923949761e-08  
1.4250121357748205836e-08  
1.6023347349363546606e-08  
1.8010352362987438686e-08  
2.0236036221325353725e-08  
2.2728091066978948388e-08  
2.5517301558689193172e-08  
2.863787584382814408e-08  
3.2127810282498434632e-08  
3.6029291189893843429e-08  
4.0389137137094624465e-08  
4.5259285687811828018e-08  
5.0697328782799228556e-08  
5.6767101351814042857e-08  
6.3539328156409342595e-08  
7.1092334279757841709e-08  
7.9512825164283193384e-08  
8.8896742601298067664e-08  
9.9350203625275222774e-08  
1.1099052985497463777e-07  
1.2394737546564815396e-07  
1.3836396264321214168e-07  
1.5439843413765243919e-07  
1.7222533329409776707e-07  
1.92037222813373723e-07  
2.140464543895713265e-07  
2.3848710236372983109e-07  
2.6561707558915242462e-07  
2.9572042280012597044e-07  
3.2910984802228345865e-07  
3.6612945381788998021e-07  
4.071577315558559835e-07  
4.5261081936852078081e-07  
5.0294605001869889058e-07  
5.5866581259516895303e-07  
6.2032175373155902283e-07  
6.8851934595464417248e-07  
7.6392285279636404795e-07  
8.4726072246318257205e-07  
9.3933144414639734454e-07  
1.0410099035014850908e-06  
1.1532542764065423635e-06  
1.2771135028459738293e-06  
1.413735385683001198e-06  
1.5643753621506538479e-06  
1.7304059991535055378e-06  
1.9133272668973289096e-06  
2.1147776490134528632e-06  
2.3365461511616944145e-06  
2.5805852741415550005e-06  
2.8490250217892585206e-06  
3.1441880184236839813e-06  
3.4686058152951049667e-06  
3.8250364704417640326e-06  
4.2164834915428853463e-06  
4.6462162367768968767e-06  
5.1177918744013752145e-06  
5.635079007703197739e-06  
6.2022830781988162624e-06  
6.8239736664367931377e-06  
7.5051138165302227161e-06  
8.2510915175891397197e-06  
9.0677534825309307896e-06  
9.9614413723776554684e-06  
1.0939030622022756174e-05  
1.2007972031641035525e-05  
1.3176336296363910679e-05  
1.4452861655587592872e-05  
1.5847004852307851359e-05  
1.7368995602148546547e-05  
1.9029894781322032575e-05  
2.0841656552551263633e-05  
2.28171946580571107e-05  
2.497045311898983992e-05  
2.7316481591187911246e-05  
2.9871515637867124873e-05  
3.2653062190711912601e-05  
3.5679990481903972721e-05  
3.8972628740790846844e-05  
4.2552866960205280181e-05  
4.6444266048783798097e-05  
5.0672173697068335817e-05  
5.5263847296567450944e-05  
6.0248584262349731116e-05  
6.5657860121023998569e-05  
7.1525474737151573615e-05  
7.7887707062112319182e-05  
8.4783478800225483701e-05  
9.2254527397380513256e-05  
0.00010034558876754817619  
0.00010910459018222528929  
0.00011858285375705257652  
0.00012883531097845440935  
0.00013992072872110911804  
0.00015190194721426105069  
0.00016484613042127215301  
0.00017882502930226478578  
0.00019391525843411259952  
0.0002101985864653517315  
0.00022776224088561686018  
0.00024669922758991662213  
0.00026710866571728620465  
0.00028909613824099030762  
0.00031277405878337624201  
0.00033826205512255695881  
0.00036568736985018919448  
0.00039518527862963210842  
0.00042689952649148685247  
0.00046098278258888607073  
0.0004975971138177324347  
0.00053691447768722234322  
0.00057911723480334567617  
0.00062439868130240938628  
0.00067296360154291280049  
0.00072502884133211677208  
0.00078082390192827814559  
0.00084059155502061923685  
0.00090458847884653364039  
0.00097308591555915117613  
0.001046370349908110671  
0.0011247442092420205259  
0.0012085265847825905464  
0.0012980539740576358199  
0.0013936810443129964852  
0.0014957814166518115737  
0.0016047484705734335932  
0.0017209961685035170974  
0.0018449598998214107271  
0.0019770973438008864946  
0.0021178893507854076364  
0.0022678408408196255731  
0.0024274817188545370014  
0.0025973678055348318847  
0.0027780817824634175361  
0.0029702341507200348233  
0.0031744642012883625793  
0.0033914409959191618802  
0.0036218643568260021528  
0.0038664658634751099679  
0.0041260098545920790174  
0.0044012944333658405997  
0.0046931524736846448573  
0.005002452625090165075  
0.0053301003139845289342  
0.0056770387384714473478  
0.0060442498540570824105  
0.0064327553472792437386  
0.0068436175941754220533  
0.0072779406003415617241  
0.0077368709191748173153  
0.0082215985447354675369  
0.0087333577755061970125  
0.0092734280451717890255  
0.009843134716389507095  
0.010443849833370857844  
0.011076992828949624044  
0.011744031181669936069  
0.012446481018292367764  
0.013185907656986485029  
0.013963926086355760533  
0.014782201375326155164  
0.015642449008823811182  
0.016546435144071154829  
0.017495976782245129497  
0.018492941850167220114  
0.019539249186633331515  
0.020636868427943365326  
0.02178781978715645859  
0.022994173721579235834  
0.024258050482992024362  
0.025581619545132691095  
0.026967098902990529352  
0.028416754238514280839  
0.029932897947409844576  
0.03151788802179528301  
0.03317412678359420041  
0.034904059463684222215  
0.036710172621975791058  
0.038594992403778528347  
0.04056108262801856645  
0.042611042703101075288  
0.04474750536646813251  
0.046973134244183576489  
0.04929062122718375035  
0.051702683661166415784  
0.054212061347449663212  
0.05682151335251844601  
0.059533814624388329882  
0.062351752414354041905  
0.065278122503154136251  
0.068315725231072171579  
0.071467361332008729239  
0.0747358275720967371  
0.078123912193994193003  
0.081634390168572576208  
0.085270018256325010875  
0.089033529881444474532  
0.092927629822167730627  
0.096954988721643817848  
0.10111823742426531921  
0.10541996114309457626  
0.10986269346472372348  
0.11444891019862496679  
0.11918102307877386617  
0.12406137332606131048  
0.12909222508074714532  
0.1342757587149475742  
0.13961406403588700687  
0.14510913339138038989  
0.15076285468974144085  
0.15657700434703290612  
0.16255324017528402568  
0.16869309422599490674  
0.17499796560392449286  
0.18146911326681516548  
0.18810764882733967694  
0.19491452937416196851  
0.20189055032957932898  
0.20903633836175618321  
0.216352344370066434  
0.22383883656252865029  
0.23149589364474341569  
0.2393233981401218599  
0.24732102986152585152  
0.25548825955472070267  
0.26382434273426777721  
0.2723283137326545007  
0.2809989799835704247  
0.28983491656028786588  
0.29883446099009205896  
0.3079957083656266538  
0.31731650677387403123  
0.32679445306327458342  
0.33642688896920347106  
0.34621089761766625211  
0.35614330042664520544  
0.36622065442402551114  
0.37643925000045425991  
0.38679510911483541065  
0.39728398396944043574  
0.40790135617081791473  
0.41864243639181648071  
0.429502164549095324  
0.4404752105094862252  
0.45155597533749245636  
0.46273859309506484822  
0.47401693320358604422  
0.48538460337672306621  
0.49683495313147866363  
0.50836107788338662358  
0.51995582363035879275  
0.53161179222820571067  
0.54332134725932251589  
0.55507662049446140689  
0.56686951894590603733  
0.57869173250872647075  
0.59053474218513083034  
0.60238982888524667642  
0.61424808279596690647  
0.62610041330778712268  
0.63793755948784975225  
0.6497501010857005333  
0.66152847005656130333  
0.67326296258523544015  
0.68494375159209487446  
0.69656089970095652755  
0.70810437264704748479  
0.71956405310168837389  
0.73092975488879938299  
0.7421912375668591889  
0.7533382213485297548  
0.76436040232880531195  
0.77524746799125758426  
0.78598911296073695253  
0.79657505496975614242  
0.80699505100473419321  
0.81723891359731886411  
0.82729652722513976438  
0.83715786478557663097  
0.84681300410546135908  
0.85625214444907213037  
0.86546562298632662201  
0.8744439311827416542  
0.88317773107250124246  
0.89165787137586593911  
0.89987540342216521823  
0.90782159683974272113  
0.91548795497447216549  
0.92286622999882998329  
0.92994843767399913579  
0.93672687172808645354  
0.94319411781426220622  
0.94934306701347388302  
0.95516692884734437244  
0.96065924376793541484  
0.96581389509223749624  
0.97062512035053386206  
0.97508752201917536578  
0.97919607760979016434  
0.98294614908853332951  
0.98633349160065123998  
0.98935426147738883009  
0.99200502350409876717  
0.99428275743031433403  
0.99618486370451601397  
0.99770916841834884691  
0.99885392744712680303  
0.99961782977558465992  
0.99999999999999994167  
1  
0.99961782977558483448  
0.99885392744712709256  
0.99770916841834925067  
0.99618486370451652908  
0.99428275743031495977  
0.9920050235040995008  
0.98935426147738967111  
0.98633349160065218579  
0.98294614908853437886  
0.97919607760979131478  
0.97508752201917661521  
0.97062512035053520804  
0.96581389509223893687  
0.96065924376793694807  
0.95516692884734599484  
0.94934306701347559291  
0.94319411781426400134  
0.93672687172808833197  
0.92994843767400109505  
0.92286622999883202056  
0.91548795497447427719  
0.90782159683974490483  
0.89987540342216747115  
0.89165787137586825979  
0.8831777310725036282  
0.87444393118274410217  
0.86546562298632913091  
0.8562521444490746977  
0.84681300410546398187  
0.83715786478557930559  
0.82729652722514248757  
0.81723891359732163338  
0.80699505100473700584  
0.79657505496975899686  
0.78598911296073984491  
0.77524746799126051323  
0.76436040232880827621  
0.75333822134853275121  
0.74219123756686221463  
0.73092975488880243551  
0.71956405310169145085  
0.70810437264705058377  
0.69656089970095964609  
0.68494375159209801063  
0.673262962585238591  
0.66152847005656446644  
0.64975010108570370758  
0.63793755948785293503  
0.62610041330779031159  
0.61424808279597009977  
0.60238982888524987151  
0.59053474218513402435  
0.57869173250872966237  
0.56686951894590922478  
0.555076620494464588  
0.54332134725932568919  
0.53161179222820887519  
0.51995582363036194691  
0.50836107788338976679  
0.49683495313148179392  
0.48538460337672618129  
0.47401693320358914268  
0.46273859309506792871  
0.45155597533749551812  
0.44047521050948926699  
0.42950216454909834405  
0.41864243639181947717  
0.40790135617082088674  
0.3972839839694433829  
0.38679510911483833087  
0.37643925000045715221  
0.36622065442402837573  
0.35614330042664804136  
0.34621089761766905875  
0.33642688896920624789  
0.32679445306327733022  
0.31731650677387674732  
0.30799570836562933874  
0.29883446099009471287  
0.28983491656029048767  
0.28099897998357301448  
0.27232831373265705934  
0.26382434273427030362  
0.25548825955472319628  
0.24732102986152831117  
0.23932339814012428464  
0.23149589364474580515  
0.22383883656253100412  
0.21635234437006875309  
0.20903633836175846764  
0.20189055032958157873  
0.19491452937416418358  
0.18810764882734185817  
0.1814691132668173128  
0.17499796560392660627  
0.16869309422599698629  
0.16255324017528607151  
0.15657700434703491793  
0.15076285468974341876  
0.14510913339138233496  
0.13961406403588891925  
0.13427575871494945425  
0.12909222508074899348  
0.12406137332606312653  
0.11918102307877565098  
0.11444891019862672038  
0.1098626934647254459  
0.10541996114309626821  
0.10111823742426698094  
0.09695498872164544926  
0.092927629822169333946  
0.089033529881446048515  
0.085270018256326557137  
0.081634390168574093603  
0.078123912193995682833  
0.074735827572098200088  
0.071467361332010165997  
0.068315725231073582269  
0.065278122503155521204  
0.062351752414355401843  
0.059533814624389665382  
0.056821513352519757346  
0.054212061347450949008  
0.051702683661167678161  
0.049290621227184989677  
0.046973134244184792299  
0.044747505366469324651  
0.042611042703102245244  
0.040561082628019713902  
0.038594992403779653847  
0.03671017262197689585  
0.034904059463685306075  
0.03317412678359526536  
0.031517888021796328062  
0.029932897947410869679  
0.028416754238515285689  
0.026967098902991515346  
0.025581619545133658796  
0.024258050482992973627  
0.022994173721580168105  
0.02178781978715737422  
0.020636868427944265266  
0.01953924918663421618  
0.018492941850168089637  
0.017495976782245985217  
0.016546435144071996811  
0.015642449008824639421  
0.014782201375326969591  
0.013963926086356560991  
0.013185907656987271579  
0.012446481018293140498  
0.011744031181670694673  
0.011076992828950368547  
0.010443849833371588762  
0.0098431347163902241601  
0.0092734280451724919027  
0.0087333577755068870106  
0.0082215985447361447185  
0.0077368709191754823988  
0.0072779406003422148437  
0.0068436175941760634288  
0.0064327553472798737634  
0.0060442498540577032336  
0.0056770387384720585883  
0.0053301003139851308024  
0.0050024526250907565737  
0.0046931524736852259083  
0.004401294433366412477  
0.0041260098545926432641  
0.0038664658634756667411  
0.0036218643568265503222  
0.00339144099591970094  
0.003174464201288892895  
0.0029702341507205573335  
0.0027780817824639325239  
0.0025973678055353388873  
0.0024274817188550362354  
0.0022678408408201169776  
0.0021178893507858915804  
0.0019770973438013624469  
0.0018449598998218799176  
0.0017209961685039791984  
0.0016047484705738897549  
0.0014957814166522606324  
0.0013936810443134374771  
0.0012980539740580690339  
0.0012085265847830163456  
0.0011247442092424391714  
0.0010463703499085231122  
0.00097308591555955754791  
0.00090458847884693401672  
0.00084059155502101356044  
0.00078082390192866579916  
0.00072502884133249883879  
0.00067296360154329080594  
0.00062439868130278279414  
0.00057911723480371470968  
0.00053691447768758725306  
0.00049759711381809358541  
0.00046098278258924418155  
0.00042689952649184145111  
0.0003951852786299833504  
0.00036568736985053587839  
0.00033826205512290013262  
0.00031277405878371600982  
0.0002890961382413258814  
0.00026710866571761796935  
0.00024669922759024406309  
0.00022776224088594026894  
0.00021019858646567152758  
0.00019391525843442813479  
0.00017882502930257569982  
0.00016484613042157865757  
0.00015190194721456421541  
0.00013992072872140992239  
0.00012883531097875172248  
0.0001185828537573463275  
0.00010910459018251565561  
0.00010034558876783487316  
9.2254527397664092297e-05  
8.4783478800506232216e-05  
7.7887707062389918117e-05  
7.1525474737426897102e-05  
6.5657860121296690007e-05  
6.0248584262619951239e-05  
5.526384729683602335e-05  
5.0672173697335294903e-05  
4.6444266049049125603e-05  
4.2552866960468362278e-05  
3.897262874105172973e-05  
3.5679990482163103472e-05  
3.2653062190971177164e-05  
2.9871515638125320005e-05  
2.7316481591445242343e-05  
2.4970453119246269513e-05  
2.2817194658312759417e-05  
2.0841656552805335558e-05  
1.9029894781574053941e-05  
1.736899560239872433e-05  
1.5847004852556362294e-05  
1.4452861655835415066e-05  
1.3176336296610912784e-05  
1.2007972031887183363e-05  
1.0939030622267032264e-05  
9.9614413726204700086e-06  
9.0677534827718824032e-06  
8.2510915178274024967e-06  
7.5051138167659785751e-06  
6.8239736666697142871e-06  
6.2022830784294238609e-06  
5.6350790079308721853e-06  
5.1177918746266499266e-06  
4.6462162369996716157e-06  
4.2164834917619918223e-06  
3.8250364706573185073e-06  
3.4686058155067210453e-06  
3.1441880186323356692e-06  
2.8490250219958865876e-06  
2.5805852743461791749e-06  
2.3365461513643238478e-06  
2.1147776492137379726e-06  
1.9133272670954850482e-06  
1.7304059993500211743e-06  
1.5643753623455256738e-06  
1.4137353858763400189e-06  
1.2771135030380912585e-06  
1.1532542765969889463e-06  
1.0410099036902860863e-06  
9.3933144433345022747e-07  
8.4726072264876506954e-07  
7.6392285297931753724e-07  
6.8851934613438880008e-07  
6.2032175390831443865e-07  
5.586658127691168115e-07  
5.0294605018997573431e-07  
4.5261081953718908475e-07  
4.0715773172193919599e-07  
3.661294539823163572e-07  
3.2910984818588169948e-07  
2.9572042296287529478e-07  
2.6561707575103906632e-07  
2.3848710252483025765e-07  
2.1404645454885738419e-07  
1.9203722297174626823e-07  
1.7222533345067730376e-07  
1.5439843429246472339e-07  
1.3836396279714491622e-07  
1.2394737561874672354e-07  
1.1099053000667116678e-07  
9.9350203774299130098e-08  
8.8896742749383870678e-08  
7.9512825311832807862e-08  
7.1092334426719891161e-08  
6.3539328302664432081e-08  
5.6767101497248198169e-08  
5.0697328927122371269e-08  
4.5259285831151030535e-08  
4.0389137279761976549e-08  
3.6029291332872641079e-08  
3.2127810426200773962e-08  
2.8637875987539167485e-08  
2.551730170342497127e-08  
2.27280912115784786e-08  
2.0236036365181367101e-08  
1.801035250578098295e-08  
1.6023347491268849748e-08  
1.4250121498112194072e-08  
1.266829485875280736e-08  
1.125776142575974465e-08  
1.0000465183783768235e-08  
8.8801979947472123083e-09  
7.8824165780473064537e-09  
6.9940769567931866758e-09  
6.2034847818008943219e-09  
5.5001600691270282938e-09  
4.8747150173549067475e-09  
4.31874369606881989e-09  
3.8247224858356895992e-09  
3.3859202763310389818e-09  
2.9963174930449738749e-09  
2.6505331240429802408e-09  
2.3437589789628030672e-09  
2.0717004962916168417e-09  
1.8305234707157973783e-09  
1.616806124977165705e-09  
1.4274960138704823719e-09  
1.2598712900363802374e-09  
1.1115059015787351162e-09  
9.8023834378527753807e-10  
8.6414361103348743774e-10  
7.6150802547215252572e-10  
6.7080667013871005883e-10  
5.906831587996116798e-10  
5.1993150699962182224e-10  
4.5747989898801451242e-10  
4.0237615100448715908e-10  
3.5377471042450209669e-10  
3.109250227075481357e-10  
2.7316113461978685524e-10  
2.3989239786394937503e-10  
2.1059517098077788995e-10  
1.8480540908019585847e-10  
1.6211205057767052383e-10  
1.4215111581880599534e-10  
1.2460044754491369196e-10  
1.0917502156656828094e-10  
9.5622773049446367768e-11  
8.372087178271290507e-11  
7.3272416336169518075e-11  
6.4103486496875523627e-11  
5.6060524493642808007e-11  
4.9008006269284013895e-11  
4.2826372006597711758e-11  
3.7410189868296408159e-11  
3.2666524394936173744e-11  
2.8513486129616008201e-11  
2.4878953207641742742e-11  
2.1699427513318514057e-11  
1.8919029910928381991e-11  
1.648860204903685163e-11  
1.4364920152584576898e-11  
1.250999078912256945e-11  
1.0890432956555615309e-11  
9.4769306380224962339e-12  
8.2437470970128660934e-12  
7.1682982132018181252e-12  
6.2307723913156330938e-12  
5.4137989673963789382e-12  
4.7021530895927971119e-12  
4.0824956155347003299e-12  
3.5431463291535176228e-12  
3.0738799692528121013e-12  
2.6657486267927573808e-12  
2.3109250908888222412e-12  
2.0025667690040998204e-12  
1.7346921466611203144e-12  
1.5020766863666510155e-12  
1.3001596712659848555e-12  
1.1249561703181563465e-12  
9.7299038784052152541e-13  
8.412323784676458589e-13  
7.2703876224793443728e-13  
6.2810679028512943762e-13  
5.424297447411138258e-13  
4.6826026801184900958e-13  
4.040767357889967935e-13  
3.4855734583039964774e-13  
3.0055011065646642919e-13  
2.5905579033773212613e-13  
2.2320411936398363245e-13  
1.9224007421068840632e-13  
1.6550786993328921351e-13  
1.4243856973508483188e-13  
1.2253674101943859651e-13  
1.0537447811425198796e-13  
9.0580816421616508971e-14  
7.7834338300421613459e-14  
6.6854983732179530703e-14  
5.7402590196437702883e-14  
4.9267493117638009275e-14  
4.2268416849821190951e-14  
3.6248637960849367817e-14  
3.1073692309736830213e-14  
2.6626870760935855197e-14  
2.2807353727943218953e-14  
1.9527551631571673078e-14  
1.6713017957850440483e-14  
1.4297600646677354782e-14  
1.2225962169116586673e-14  
1.0450573763340519483e-14  
8.9296429959216313446e-15  
7.626447363283797427e-15  
6.5110863273753543031e-15  
5.5558861028597815305e-15  
4.7381074844158134193e-15  
4.0393602482399217055e-15  
3.4415564767826029328e-15  
2.931175338908571432e-15  
2.4941940422734294175e-15  
2.1209003649281120033e-15  
1.8019687162504709851e-15  
1.5305040196921890742e-15  
1.300041638831277786e-15  
1.1032346650879067653e-15  
9.3585497947805869696e-16  
7.9353777877623322878e-16  
6.7215231698178403695e-16  
5.6885789358867703796e-16  
4.810513666920908809e-16  
4.0685312889672181599e-16  
3.4390725167780389292e-16  
2.8938285334492262252e-16  
2.429328302003806293e-16  
2.0352952982258468265e-16  
1.7045328855067546062e-16  
1.4226762791797334632e-16  
1.1724938628956550624e-16  
9.5929633407189365362e-17  
7.8053535953548691413e-17  
6.2909216086583077232e-17  
5.1004738279257933898e-17  
4.0910545788113702551e-17  
3.1764213949066080936e-17  
2.3965570707899222386e-17  
1.7951253010117642664e-17  
1.259026702808210346e-17  
8.751183821630878066e-18  
5.6858748496355641345e-18  
4.098407030143511831e-18  
2.4497531049241132457e-18  
1.8469745272762673137e-18  
1.8469745272762673137e-18  
1.8469745272762673137e-18  
1.8469745272762673137e-18  
1.8469745272762673137e-18  
1.8469745272762673137e-18  
1.8469745272762673137e-18  
1.8469745272762673137e-18  
1.8469745272762673137e-18  
1.8469745272762673137e-18  
1.8469745272762673137e-18  
1.8469745272762673137e-18  
1.8469745272762673137e-18  
1.8469745272762673137e-18  
1.8469745272762673137e-18  
1.8469745272762673137e-18  
1.8469745272762673137e-18  
1.8469745272762673137e-18  
1.8469745272762673137e-18  
1.8469745272762673137e-18  
1.8469745272762673137e-18  
1.8469745272762673137e-18  
1.8469745272762673137e-18  
1.8469745272762673137e-18  
1.8469745272762673137e-18  
1.8469745272762673137e-18  
1.8469745272762673137e-18  
1.8469745272762673137e-18  
1.8469745272762673137e-18  
1.8469745272762673137e-18  
1.8469745272762673137e-18  
1.8469745272762673137e-18  
1.8469745272762673137e-18  
1.8469745272762673137e-18  
1.8469745272762673137e-18  
1.8469745272762673137e-18  
1.8469745272762673137e-18  
1.8469745272762673137e-18  
1.8469745272762673137e-18  
1.8469745272762673137e-18  
1.8469745272762673137e-18  
1.8469745272762673137e-18  
1.8469745272762673137e-18  
1.8469745272762673137e-18  
1.8469745272762673137e-18  
1.8469745272762673137e-18  
1.8469745272762673137e-18  
1.8469745272762673137e-18  
1.8469745272762673137e-18  
1.8469745272762673137e-18  
1.8469745272762673137e-18  
1.8469745272762673137e-18  
1.8469745272762673137e-18  
1.8469745272762673137e-18  
1.8469745272762673137e-18  
1.8469745272762673137e-18  
1.8469745272762673137e-18  
1.8469745272762673137e-18  
1.8469745272762673137e-18  
1.8469745272762673137e-18  
1.2056895091626028157e-18  
