0  
0  
0  
0  
0  
0  
0  
0  
0  
0  
0  
0  
0  
0  
0  
0  
0  
0  
0  
0  
0  
0  
0  
0  
0  
0  
0  
0  
0  
0  
0  
0  
0  
0  
0  
0  
0  
0  
0  
0  
0  
0  
0  
0  
0  
0  
0  
0  
0  
0  
0  
0  
0  
0  
0  
0  
0  
0  
0  
0  
0  
0  
0  
0  
0  
0  
0  
0  
0  
0  
0  
0  
0  
0  
0  
0  
0  
0  
0  
0  
0  
0  
0  
0  
0  
0  
0  
0  
0  
0  
0  
0  
0  
0  
0  
0  
0  
0  
0  
0  
0  
0  
0  
0  
0  
0  
0  
0  
0  
0  
0  
0  
1.2742425503641410649e-17  
6.4884930064555635706e-17  
2.0576460943288747226e-16  
4.7934574084767452373e-16  
9.5414519418280464166e-16  
1.8262372456448194468e-15  
3.3925716585238443251e-15  
6.0251777783518782934e-15  
1.0588391536759757052e-14  
1.8477418616617728118e-14  
3.2005527972517226715e-14  
5.5100247123710522962e-14  
9.4277120314709663002e-14  
1.6034377780910320604e-13  
2.710785713566481499e-13  
4.5539392043122990453e-13  
7.6022970466920776189e-13  
1.2610530582212056794e-12  
2.0786709669801790912e-12  
3.4051421067755648879e-12  
5.543543483184159799e-12  
8.9694290756638292904e-12  
1.4424161310050628118e-11  
2.3056076890202832932e-11  
3.6632855307117331247e-11  
5.7858655363426185795e-11  
9.0844657802151553831e-11  
1.4180297708261794865e-10  
2.200631808072969635e-10  
3.3955228172663703701e-10  
5.2093570420084315795e-10  
7.9469538571335293631e-10  
1.2055274475771385371e-09  
1.8185864824645787162e-09  
2.7282974549443371221e-09  
4.0707150770432757105e-09  
6.0407532505120077623e-09  
8.9160588424007954375e-09  
1.3089892703565037464e-08  
1.9116145504863061065e-08  
2.777059945186065455e-08  
4.0133804425292592899e-08  
5.770253257787392899e-08  
8.2538784244824375077e-08  
1.174678297329400172e-07  
1.6633988717571356037e-07  
2.3437387187210491354e-07  
3.2860633777231215812e-07  
4.5847440833296794951e-07  
6.3656831707731185221e-07  
8.795973105777514014e-07  
1.2096222762252532543e-06  
1.6556197117491541187e-06  
2.2554547135164281563e-06  
3.0583556697360504015e-06  
4.1280004192180529587e-06  
5.5463428521918506136e-06  
7.4183303074905237837e-06  
9.8776856082069005407e-06  
1.3093953032650161758e-05  
1.7281034686405601377e-05  
2.2707472239417665651e-05  
2.9708758285263543911e-05  
3.8701990963181417932e-05  
5.0203214066366346803e-05  
6.4847811554822006208e-05  
8.3414348900654915986e-05  
0.00010685227251808775887  
0.00013631389096709705371  
0.00017319106578467877184  
0.00021915703365430598525  
0.00027621376301935915804  
0.00034674521497043212853  
0.00043357682808339120567  
0.00054004147773901139026  
0.00067005207037600628739  
0.00082818082046318695071  
0.0010197451214607099202  
0.0012508997609239827357  
0.0015287350440652335667  
0.0018613801801493008761  
0.0022581110535344546104  
0.0027294612483945916558  
0.0032873349266083269385  
0.0039451198764732450026  
0.0047177987613768803833  
0.0056220563089690510191  
0.0066763799003678111103  
0.0079011507540233311922  
0.0093187226593308205768  
0.010953485010739788756  
0.012831906734074173492  
0.014982557593197449883  
0.017436103326882091001  
0.020225271101990856151  
0.023384781888076445995  
0.026951246567126544272  
0.03096302289558462004  
0.035460030837075863488  
0.040483524284228681705  
0.046075817784772148119  
0.0522799675760878615  
0.05913940700607326484  
0.066697537266071200409  
0.074997275270395465022  
0.084080561470572030124  
0.093987831372286437979  
0.10475745550852496311  
0.11642515359118008546  
0.12902338949195214072  
0.14258075456762970407  
0.15712134762073786534  
0.17266416045079766606  
0.1892224784821435809  
0.20680330633158449482  
0.22540682838608127377  
0.24502591448328356883  
0.26564568061628861896  
0.28724311421268456496  
0.30978677296572409278  
0.33323656542601171705  
0.35754362060387990366  
0.38265025269892776586  
0.40849002578179489207  
0.43498792182613043431  
0.46206061395160886139  
0.48961684512059685303  
0.51755791086301764636  
0.54577824291913046816  
0.57416608902229297024  
0.60260428242732522826  
0.63097109325809744941  
0.65914115233207715725  
0.68698643684908496728  
0.71437730623262189023  
0.74118357550733209634  
0.76727561290370304526  
0.79252544791457605353  
0.81680787579611042261  
0.84000154451209193255  
0.86199001036337733595  
0.88266274901730293968  
0.90191610934378738709  
0.91965419835995006702  
0.93578968666372599203  
0.95024452497615275549  
0.96295056378590617542  
0.97385006957030082484  
0.98289613262493489399  
0.99005296313928654092  
0.99529607377765378441  
0.99861234863428171307  
1  
0.99946841587867508489  
0.99703790260106240555  
0.9927393281797662695  
0.98661367321360250038  
0.97871149716767144003  
0.96909232871533943637  
0.9578239895221135832  
0.9449818613746423585  
0.9306481069098046733  
0.91491085438136320778  
0.89786335692030915667  
0.87960313660792934746  
0.86023112339833123635  
0.83985079851227865337  
0.81856735139101664128  
0.79648685866287525413  
0.77371549285330367633  
0.75035876777756219808  
0.72652082671167776023  
0.70230377855832112384  
0.67780708632632488171  
0.65312701134115250939  
0.62835611571321540531  
0.60358282472473032848  
0.57889104996561561322  
0.5543598732650200716  
0.53006329073614683788  
0.50607001558512871529  
0.48244333773526037486  
0.45924103778973484661  
0.43651535240148204483  
0.41431298773864864361  
0.39267517742825192779  
0.37163778112695173449  
0.3512314197040265699  
0.33148164292391497419  
0.31240912547973859951  
0.2940298872500974968  
0.27635553372370080119  
0.25939351265433010431  
0.24314738316630512427  
0.22761709372204860171  
0.21279926558259561934  
0.19868747863317646392  
0.18527255670377005447  
0.17254284978353130087  
0.16048451080335741381  
0.14908176493810105457  
0.13831716965502836369  
0.12817186400448436193  
0.11862580590926425512  
0.10965799645826423331  
0.10124669044542828571  
0.09336959261509254115  
0.086004039278252086893  
0.07912716515012965257  
0.072716055427167672283  
0.066747883270980975255  
0.06120003299797929236  
0.056050209386635567488  
0.051276533610299137278  
0.046857626382778789388  
0.04277267896754742006  
0.03900151275036253195  
0.035524628110459263958  
0.03232324334841631821  
0.029379324440516060439  
0.02667560639112413076  
0.024195606947497568203  
0.021923633426663654305  
0.019844783382722365505  
0.017944939816188950169  
0.01621076159582183469  
0.014629669728718257329  
0.013189830077172706507  
0.011880133081672982416  
0.010690171009165939013  
0.0096102132049919955797  
0.0086311797862196966428  
0.0077446141739871065813  
0.0069426548232849819386  
0.006218006470735594842  
0.005563911184608243195  
0.0049741194667854786221  
0.0044428616238174433751  
0.0039648195936916672905  
0.0035350993865757645471  
0.003149204271595784868  
0.0028030088176964968332  
0.0024927338747653760246  
0.0022149225614400071427  
0.0019664173082904695  
0.001744337989288365425  
0.0015460611605458775753  
0.0013692004131251121588  
0.0012115878361676709003  
0.0010712565775597920987  
0.0009464244817129567759  
0.00083547877768395262469  
0.00073696178566751913441  
0.00064955760575471234639  
0.00057207974965335071343  
0.00050345967370784555275  
0.00044273616993770898013  
0.00038904557084307890468  
0.00034161272331704323591  
0.00029974268707758856113  
0.00026281311351433208906  
0.00023026726166928371444  
0.00020160760917727941317  
0.00017639001732489870671  
0.00015421841089897353961  
0.00013473993514349360342  
0.0001176405538892909506  
0.00010264105473102051236  
8.9493428972195274927e-05  
7.7977595916774301077e-05  
6.7898442934471968272e-05  
5.9083154548745214982e-05  
5.1378805578088144998e-05  
4.4650195089806480983e-05  
3.8777899593189697033e-05  
3.3656525498256064985e-05  
2.9193142392032902231e-05  
2.5305880133143314677e-05  
2.1922674136123819391e-05  
1.8980144506943381824e-05  
1.6422595902586778258e-05  
1.4201126119947359888e-05  
1.2272832475034861487e-05  
1.0600106015037856495e-05  
9.1500045148411940447e-06  
7.8936960504017724194e-06  
6.8059657160824578508e-06  
5.8647787659560304599e-06  
5.0508941127571421642e-06  
4.3475227170313603311e-06  
3.7400259458254597427e-06  
3.2156494789940532766e-06  
2.7632887947897184884e-06  
2.3732826787075920368e-06  
2.0372315728897325545e-06  
1.7478379215969847606e-06  
1.4987659736417661875e-06  
1.2845187782400258353e-06  
1.1003303584891566733e-06  
9.4207127008586049e-07  
8.0616595290475735768e-07  
6.8952046252631356101e-07  
5.8945932963235919778e-07  
5.0367043851700792015e-07  
4.3015694451740334127e-07  
3.671953642759723297e-07  
3.132990744683993747e-07  
2.6718654529846385914e-07  
2.277537153119068505e-07  
1.9404998547723858588e-07  
1.6525737363982657328e-07  
1.4067242632607146725e-07  
1.1969053440773956535e-07  
1.0179234274465560198e-07  
8.6531982336558078485e-08  
7.3526887738226042527e-08  
6.2448992067869823582e-08  
5.3017118341938954106e-08  
4.4990408934437096172e-08  
3.816265527924376699e-08  
3.2357407635560141095e-08  
2.7423760217167783331e-08  
2.3232720769751135436e-08  
1.9674085520702822652e-08  
1.6653750733561561895e-08  
1.4091401330542992654e-08  
1.191852491074707055e-08  
1.0076706282128525099e-08  
8.5161639072634886091e-09  
7.1944944517442036376e-09  
6.0755966855703889304e-09  
5.1287494753138093939e-09  
4.3278223574818530661e-09  
3.6505999266841330846e-09  
3.0782040183032456938e-09  
2.5945996818285897273e-09  
2.1861731938843615785e-09  
1.8413715902069719342e-09  
1.55039515259523212e-09  
1.3049349310438631436e-09  
1.0979490600872245682e-09  
9.2347209823175570193e-10  
7.764526604087201067e-10  
6.5261514973307841779e-10  
5.4834214421721393998e-10  
4.60574321856412581e-10  
3.867254503733601643e-10  
3.2461009754739610285e-10  
2.7238225002935031493e-10  
2.284832411033488336e-10  
1.9159753648199201984e-10  
1.6061523707810946954e-10  
1.3460031129716369088e-10  
1.1276362500887848124e-10  
9.4440200432667036789e-11  
7.9069828436289119607e-11  
6.6180776274860236927e-11  
5.5375961942785487184e-11  
4.6321233232756016595e-11  
3.8735523374596629001e-11  
3.2382493478376247391e-11  
2.7063471456020723128e-11  
2.2611545033840206104e-11  
1.8886496692848458662e-11  
1.5770586803303691978e-11  
1.3164989959184038976e-11  
1.0986789074557852845e-11  
9.1664112388386666405e-12  
7.6454892486800268517e-12  
6.3751574754381076027e-12  
5.3144095842791760311e-12  
4.4289369592473930936e-12  
3.6899778482765266968e-12  
3.0734380745894493539e-12  
2.559196181668883032e-12  
2.1304142011586407794e-12  
1.7729928192930593669e-12  
1.4751334308283507907e-12  
1.226958970650926835e-12  
1.0202485870443641699e-12  
8.4812106310586500826e-13  
7.0483221363208178089e-13  
5.8559782271939300301e-13  
4.8637456555701455654e-13  
4.0382569543027207823e-13  
3.351746700956263043e-13  
2.780972877768015311e-13  
2.3064248232430344745e-13  
1.9118799354484011149e-13  
1.5839871742448422527e-13  
1.3113889313077244635e-13  
1.0850783404062149485e-13  
8.9719848898762856619e-14  
7.4101286647741734267e-14  
6.1152562995531725832e-14  
5.042508648277341891e-14  
4.153146821207033444e-14  
3.4160942219513221827e-14  
2.8070698409652004458e-14  
2.2996067661171568662e-14  
1.8770059531181855541e-14  
1.5288305530356309726e-14  
1.2417701343053575598e-14  
1.0040666835139392583e-14  
8.0588348543945985783e-15  
6.4201687862480263195e-15  
5.0874022190971070344e-15  
3.9907561239845657997e-15  
3.0881355717452907354e-15  
2.3606356721524764144e-15  
1.7496762155845546724e-15  
1.2288323666334309208e-15  
8.2604226494369585323e-16  
5.3459184570551094397e-16  
3.0115954561784651514e-16  
1.4778278078534458294e-16  
6.4884930064555635706e-17  
1.2742425503641410649e-17  
0  
0  
0  
0  
0  
0  
0  
0  
0  
0  
0  
0  
0  
0  
0  
0  
0  
0  
0  
0  
0  
0  
0  
0  
0  
0  
0  
0  
0  
0  
0  
0  
0  
0  
0  
0  
0  
0  
0  
0  
0  
0  
0  
0  
0  
0  
0  
0  
0  
0  
0  
0  
0  
0  
0  
0  
0  
0  
0  
0  
0  
0  
0  
0  
0  
0  
0  
0  
0  
0  
0  
0  
0  
0  
0  
0  
0  
0  
0  
0  
0  
0  
0  
0  
0  
0  
0  
0  
0  
0  
0  
0  
0  
0  
0  
0  
0  
0  
0  
0  
0  
0  
0  
0  
0  
0  
0  
0  
0  
0  
0  
0  
0  
0  
0  
0  
0  
0  
0  
0  
0  
0  
0  
0  
0  
0  
0  
0  
0  
0  
0  
0  
0  
0  
0  
0  
0  
0  
0  
0  
0  
0  
0  
0  
0  
0  
0  
0  
0  
0  
0  
0  
0  
0  
0  
0  
0  
0  
0  
0  
0  
0  
0  
0  
0  
0  
0  
0  
0  
0  
0  
0  
0  
0  
0  
0  
0  
0  
0  
0  
0  
0  
0  
0  
0  
0  
0  
0  
0  
0  
0  
0  
0  
0  
0  
0  
0  
0  
0  
0  
0  
0  
0  
0  
0  
0  
0  
0  
0  
0  
0  
0  
0  
0  
0  
0  
0  
0  
0  
0  
0  
0  
0  
0  
0  
0  
0  
0  
0  
0  
0  
0  
0  
0  
0  
0  
0  
0  
0  
0  
0  
0  
0  
0  
0  
0  
0  
0  
0  
0  
0  
0  
0  
0  
0  
0  
0  
0  
0  
0  
0  
0  
0  
0  
0  
0  
0  
0  
0  
0  
0  
0  
0  
0  
0  
0  
0  
0  
0  
0  
0  
0  
0  
0  
0  
0  
0  
0  
0  
0  
0  
0  
0  
0  
0  
0  
0  
0  
0  
0  
0  
0  
0  
0  
0  
0  
0  
0  
0  
0  
0  
0  
0  
0  
0  
0  
0  
0  
0  
0  
0  
0  
0  
0  
0  
0  
0  
0  
0  
0  
0  
0  
0  
0  
0  
0  
0  
0  
0  
0  
0  
0  
0  
0  
0  
0  
0  
0  
0  
0  
0  
0  
0  
0  
0  
0  
0  
0  
0  
0  
0  
0  
0  
0  
0  
0  
0  
0  
0  
0  
0  
0  
0  
0  
0  
0  
0  
0  
0  
0  
0  
0  
0  
0  
0  
0  
0  
0  
0  
0  
0  
0  
0  
0  
0  
0  
0  
0  
0  
0  
0  
0  
0  
0  
0  
0  
0  
0  
0  
0  
0  
0  
0  
0  
0  
0  
0  
0  
0  
0  
0  
0  
0  
0  
0  
0  
0  
0  
0  
0  
0  
0  
0  
0  
0  
0  
0  
0  
0  
0  
0  
0  
0  
0  
0  
0  
0  
0  
0  
0  
0  
0  
0  
0  
0  
0  
0  
0  
0  
0  
0  
0  
0  
0  
0  
0  
0  
0  
0  
0  
0  
0  
0  
0  
0  
0  
0  
0  
0  
0  
0  
0  
0  
0  
0  
0  
0  
0  
0  
0  
0  
0  
0  
0  
