386.2476735024627
378.53128230172706
370.96032983318565
363.5321452602692
356.24410619113877
349.09363780526525
342.0782119957146
335.19534652684484
328.44260420715096
321.81759207697377
315.31796061081616
308.94140293399533
302.68565405338364
296.5484901019737
290.52772759703186
284.62122271158455
278.826870559008
273.1426044904776
267.5663954050547
262.09625107217454
256.7302154663222
251.46636811366906
246.30282345046288
241.23773019295325
236.26927071865208
231.3956604587198
226.61514730128175
221.92601100547526
217.3265626260388
212.81514394824842
208.39012693302232
204.0499131720033
199.7929333524484
195.61764673174133
191.52254062136245
187.50612988013933
183.56695641661872
179.70358870038808
175.9146212821942
172.19867432269308
168.5543931296833
164.98044770366386
161.47553229157307
158.0383649485567
154.6676871076239
151.36226315704894
148.12088002537845
144.942346773909
141.8254941964999
138.76917442658976
135.77226055128767
132.83364623241147
129.95224533434856
127.12699155861709
124.35683808500609
121.64075721917771
118.97774004661447
116.36679609279793
113.80695298950691
111.2972561471252
108.83676843285077
106.42456985470052
104.0597572512064
101.74144398670083
99.46875965209057
97.2408497710211
95.05687551133386
92.916013401722
90.81745505349056
88.76040688732996
86.74408986501231
84.7677392259222
82.83060422833525
80.9319478953586
79.07104676545033
77.24719064743485
75.45968237993378
73.70783759513296
71.99098448680738
70.30846358252799
68.65962751997485
67.04384082728268
65.46047970734696
63.90893182601873
62.38859610411842
60.89888251320041
59.43921187500001
58.00901566449777
56.607735816535246
55.234824535918705
53.88974411094809
52.57196673030952
51.280974303270966
50.016258283121665
48.777319493796895
47.56366795963094
46.374822738182004
45.210311756073565
44.06967164779845
42.95244759743163
41.85819318320017
40.786470224858505
39.73684863381852
38.70890626598529
37.702228777249424
36.7164094815885
35.75104921173035
34.80575618233253
33.880145855632335
32.973840809523075
32.08647060801305
31.21767167402417
30.36708716448818
29.53436684769933
28.719166982882633
27.921150201937984
27.139985393320966
26.375347588021967
25.626917847605604
24.8943831542737
24.1774363029152
23.47577579510728
22.78910573503259
22.117135727278082
21.459580776481637
20.81616118879313
20.18660247511736
19.570635256106677
18.967995168871923
18.378422775380677
17.80166347251237
17.237467403740617
16.685589372413247
16.145788756601483
15.61782942548979
15.101479657278855
14.596512058574337
14.102703485234603
13.619834964651282
13.14769161943674
12.686062592493172
12.234740973438393
11.793523726363999
11.362211618901641
10.940609152574222
10.528524494408492
10.1257694097866
9.732159196514091
9.34751262008255
8.971651850105275
8.604402397904913
8.245593055232295
7.895055834095999
7.55262590768271
7.218141552348708
6.891444090663145
6.572377835484139
6.2607900350491255
5.956530819061133
5.659453145753036
5.369412749912184
5.0862680918480185
4.80988030728577
4.540113158169457
4.276832984357815
4.019908656197073
3.769211527954738
3.5246153920988275
3.2859964344074157
3.0532331898933407
2.8262064995295217
2.6047994677603565
2.3888974207850757
2.178387865599042
1.9731604497793809
1.7731069220015383
1.5781210932734733
1.3880987988746185
1.2029378609868797
1.02253805200513
0.8468010585149909
0.675630445925835
0.5089316237471472
0.3466118114966912
0.18858000522903756
0.03474694467320078
-0.1149749190314611
-0.26067145501209743
-0.40242688376239505
-0.5403238076763034
-0.6744432410256571
-0.8048646393917323
-0.9316659285606319
-1.0549235328921425
-1.1747124031716394
-1.2911060439543065
-1.4041765404109134
-1.5139945846841207
-1.6206295017641548
-1.7241492748925906
-1.8246205705026963
-1.9221087627048048
-2.016677957324839
-2.108391015504181
-2.1973095768687276
-2.2834940822749688
-2.3670037961407226
-2.4478968283680547
-2.526230155865749
-2.602059643678568
-2.675440065730428
-2.74642512518848
-2.8150674744549375
-2.881418734793398
-2.945529515596294
-3.0074494332999206
-3.0672271299534803
-3.124910291448343
-3.180545665413742
-3.2341790787848916
-3.2858554550494823
-3.335618831178376
-3.3835123742462216
-3.4295783977476155
-3.473858377614287
-3.5163929679387844
-3.5572220164099346
-3.596384579465303
-3.633918937165811
-3.669862607797524
-3.7042523622055485
-3.737124237864921
-3.768513552693241
-3.798454918609732
-3.826982254845331
-3.8541288010083212
-3.8799271299099485
-3.9044091601543607
-3.927606168497175
-3.9495488019768255
-3.9702670898228622
-3.98979045514523
-4.008147726408481
-4.025367148694869
-4.041476394760134
-4.056502575885716
-4.070472252531169
-4.083411444790309
-4.095345642654744
-4.106299816088239
-4.116298424915359
-4.125365428527785
-4.133524295411591
-4.140798012498751
-4.147209094346074
-4.152779592144691
-4.157531102563186
-4.161484776427403
-4.164661327239868
-4.167081039541793
-4.168763777120479
-4.169728991064962
-4.169995727672643
-4.169582636209638
-4.1685079765274855
-4.166789626538846
-4.164445089554747
-4.161491501485909
-4.157945637910614
-4.153823921011563
-4.149142426384093
-4.143916889718113
-4.138162713356053
-4.131894972729078
-4.125128422673807
-4.117877503631704
-4.110156347733272
-4.101978784769168
-4.093358348050289
-4.084308280158871
-4.074841538592567
-4.064970801303475
-4.054708472134032
-4.04406668615165
-4.033057314883947
-4.021691971456389
-4.009982015634127
-3.997938558769779
-3.985572468658873
-3.9728943743046377
-3.9599146705938115
-3.9466435228850725
-3.9330908715117214
-3.9192664362001413
-3.9051797204056244
-3.890840015567037
-3.876256405281835
-3.8614377694028748
-3.846392788058448
-3.83112994559697
-3.815657534457662
-3.79998365896863
-3.784116239073628
-3.768063013988844
-3.751831545790972
-3.735429222937842
-3.718863263722833
-3.702140719664305
-3.6852684788312127
-3.6682532691061005
-3.651101661386603
-3.6338200727266106
-3.6164147694181676
-3.598891870015234
-3.581257348300354
-3.563517036195279
-3.5456766266165887
-3.527741676277318
-3.5097176084355746
-3.4916097155911276
-3.4734231621309313
-3.45516298692451
-3.436834105870143
-3.418441314392733
-3.3999892898942816
-3.3814825941578106
-3.362925675705604
-3.3443228721126186
-3.3256784122758756
-3.306996418640649
-3.288280909384257
-3.2695358005582316
-3.250764908189625
-3.231971950342234
-3.2131605491384496
-3.1943342327424897
-3.1754964373057026
-3.1566505088746655
-3.137799705262742
-3.1189471978858045
-3.100096073562751
-3.081249336281492
-3.0624099089310395
-3.0435806350003234
-3.0247642802443515
-3.005963534318328
-2.9871810123803058
-2.968419256662976
-2.9496807380151555
-2.930967857413534
-2.91228294744524
-2.8936282737617636
-2.875006036504766
-2.856418371704298
-2.837867352649951
-2.819354991235423
-2.8008832392770153
-2.7824539898065326
-2.7640690783390642
-2.745730284116123
-2.727439331324582
-2.7091978902918834
-2.6910075786579455
-2.6728699625242034
-2.6547865575802225
-2.6367588302082856
-2.6187881985663783
-2.600876033649971
-2.5830236603329952
-2.565232358388395
-2.5475033634886564
-2.5298378681866596
-2.512237022877249
-2.494701936739865
-2.477233678662602
-2.459833278148038
-2.4425017262011672
-2.4252399761997934
-2.4080489447476903
-2.3909295125108665
-2.3738825250372524
-2.3569087935601014
-2.3400090957854474
-2.323184176663877
-2.3064347491469483
-2.2897614949285177
-2.2731650651712743
-2.2566460812187574
-2.2402051352931274
-2.2238427911789618
-2.207559584893341
-2.1913560253424786
-2.1752325949651516
-2.159189750363188
-2.143227922919237
-2.127347519402092
-2.1115489225597663
-2.0958324917005893
-2.0801985632625186
-2.064647451370916
-2.0491794483849923
-2.033794825433136
-2.0184938329373474
-2.0032767011269765
-1.9881436405419644
-1.9730948425257993
-1.9581304797083772
-1.9432507064789548
-1.9284556594493938
-1.9137454579078688
-1.8991202042632347
-1.8845799844802216
-1.8701248685056353
-1.855754910685739
-1.84147015017498
-1.8272706113362267
-1.8131563041326872
-1.799127224511654
-1.7851833547802487
-1.7713246639733038
-1.7575511082135469
-1.7438626310642253
-1.7302591638743197
-1.7167406261164913
-1.7033069257179008
-1.6899579593840348
-1.6766936129156795
-1.663513761519167
-1.6504182701100316
-1.6374069936101967
-1.6244797772388242
-1.611636456796942
-1.5988768589459752
-1.5862008014803
-1.5736080935939294
-1.5610985361414536
-1.5486719218933394
-1.5363280357857054
-1.524066655164672
-1.511887550025399
-1.4997904832459128
-1.4877752108158235
-1.4758414820600312
-1.4639890398575213
-1.4522176208553457
-1.4405269556778826
-1.4289167691314641
-1.4173867804044724
-1.405936703262982
-1.3945662462420434
-1.3832751128326926
-1.3720630016647657
-1.360929606685611
-1.3498746173347682
-1.338897718714704
-1.3279985917576762
-1.3171769133888063
-1.3064323566854328
-1.2957645910328237
-1.2851732822763124
-1.2746580928699391
-1.2642186820216568
-1.2538547058351797
-1.2435658174485291
-1.2333516671693578
-1.2232119026071047
-1.2131461688020506
-1.2031541083513322
-1.1932353615319802
-1.1833895664210379
-1.173616359012821
-1.1639153733333731
-1.1542862415521795
-1.1447285940911862
-1.1352420597311876
-1.1258262657156295
-1.116480837851882
-1.107205400610036
-1.0979995772192683
-1.0888629897618312
-1.0797952592647089
-1.0707960057889947
-1.061864848517028
-1.053001405837344
-1.044205295427479
-1.03547613433467
-1.026813539054502
-1.0182171256075325
-1.0096865096139531
-1.0012213063663025
-0.9928211309003018
-0.9844855980638234
-0.9762143225840528
-0.9680069191328674
-0.9598630023904787
-0.9517821871073637
-0.9437640881645372
-0.9358083206321788
-0.9279144998266712
-0.9200822413660633
-0.9123111612240073
-0.9046008757821902
-0.8969510018812994
-0.8893611568705477
-0.881830958655795
-0.8743600257462859
-0.866947977300047
-0.8595944331679577
-0.852299013936535
-0.84506134096945
-0.8378810364478134
-0.8307577234092453
-0.8236910257857665
-0.8166805684405265
-0.8097259772034039
-0.8028268789054918
-0.7959829014125053
-0.7891936736571223
-0.7824588256702921
-0.775777988611523
-0.7691507947981837
-0.7625768777338278
-0.7560558721355736
-0.7495874139605524
-0.7431711404314513
-0.736806690061165
-0.7304937026765846
-0.7242318194415324
-0.7180206828788716
-0.7118599368918024
-0.7057492267843674
-0.6996881992811799
-0.6936765025463983
-0.6877137862019572
-0.6817997013450782
-0.6759339005650709
-0.6701160379594487
-0.6643457691493632
-0.6586227512943866
-0.6529466431066449
-0.6473171048643261
-0.6417337984245716
-0.6361963872357707
-0.6307045363492658
-0.62525791243049
-0.6198561837695421
-0.6144990202912198
-0.6091860935645184
-0.6039170768116121
-0.5986916449163259
-0.5935094744321149
-0.5883702435895596
-0.5832736323033907
-0.578219322179052
-0.5732069965188199
-0.5682363403274789
-0.5633070403175768
-0.5584187849142586
-0.5535712642596986
-0.5487641702171345
-0.5439971963745177
-0.5392700380477848
-0.5345823922837677
-0.5299339578627409
-0.5253244353006253
-0.5207535268508517
-0.5162209365058926
-0.5117263699984743
-0.5072695348024762
-0.5028501401335231
-0.498467896949283
-0.4941225179494734
-0.4898137175755894
-0.48554121201035466
-0.48130471917691
-0.47710395873773886
-0.4729386520933449
-0.4688085223806811
-0.464713294471344
-0.4606526949695333
-0.45662645220978937
-0.4526342962545098
-0.448675958891256
-0.44475117362985134
-0.4408596756992809
-0.43700120204439535
-0.4331754913224281
-0.429382283899327
-0.42562132184591106
-0.421892348933853
-0.4181951106314966
-0.4145293540995103
-0.41089482818638656
-0.4072912834237869
-0.4037184720217423
-0.40017614786370914
-0.39666406650148944
-0.3931819851500162
-0.3897296626820117
-0.38630685962251937
-0.3829133381433177
-0.37954886205721555
-0.3762131968122381
-0.3729061094857015
-0.36962736877818664
-0.3663767450074091
-0.3631540101019949
-0.359958937595161
-0.356791302618308
-0.3536508818945239
-0.35053745373200823
-0.34745079801741297
-0.3443906962091101
-0.3413569313303833
-0.338349287962552
-0.3353675522380249
-0.3324115118332923
-0.32948095596185467
-0.3265756753670941
-0.32369546231508783
-0.3208401105873711
-0.31800941547364614
-0.31520317376444595
-0.3124211837437496
-0.309663245181557
-0.30692915932641957
-0.30421872889793544
-0.3015317580792054
-0.29886805250925713
-0.2962274192754347
-0.29360966690576107
-0.29101460536126944
-0.2884420460283115
-0.2858918017108392
-0.2833636866226666
-0.28085751637970907
-0.2783731079922066
-0.27591027985692734
-0.2734688517493591
-0.27104864481588464
-0.26864948156594803
-0.2662711858642078
-0.263913582922684
-0.26157649929289634
-0.25925976285799796
-0.2569632028249034
-0.25468664971641575
-0.2524299353633495
-0.25019289289665614
-0.24797535673954804
-0.24577716259962717
-0.2435981474610149
-0.24143814957648843
-0.23929700845962157
-0.2371745648769336
-0.23507066084004527
-0.2329851395978443
-0.23091784562866072
-0.22886862463245375
-0.2268373235230097
-0.22482379042015438
-0.22282787464197748
-0.2208494266970738
-0.21888829827679795
-0.21694434224753767
-0.21501741264300223
-0.2131073646565307
-0.21121405463341839
-0.20933734006326163
-0.20747707957232517
-0.20563313291592808
-0.20380536097085328
-0.2019936257277776
-0.2001977902837264
-0.1984177188345497
-0.19665327666742444
-0.1949043301533797
-0.19317074673984824
-0.19145239494324287
-0.18974914434155982
-0.1880608655670081
-0.18638743029866664
-0.18472871125516852
-0.18308458218741394
-0.18145491787131082
-0.17983959410054523
-0.17823848767938036
-0.1766514764154858
-0.17507843911279608
-0.1735192555644007
-0.17197380654546365
-0.17044197380617512
-0.16892364006473343
-0.16741868900035983
-0.16592700524634393
-0.16444847438312263
-0.16298298293139019
-0.1615304183452423
-0.16009066900535165
-0.15866362421217822
-0.15724917417921133
-0.15584721002624663
-0.15445762377269556
-0.15308030833093011
-0.15171515749966002
-0.15036206595734594
-0.14902092925564558
-0.1476916438128949
-0.14637410690762426
-0.14506821667210867
-0.14377387208595382
-0.14249097296971594
-0.14121941997855733
-0.13995911459593754
-0.13870995912733902
-0.1374718566940281
-0.13624471122685164
-0.13502842746006913
-0.13382291092522042
-0.1326280679450278
-0.13144380562733518
-0.1302700318590819
-0.12910665530031248
-0.12795358537822155
-0.12681073228123493
-0.12567800695312578
-0.12455532108716713
-0.12344258712031894
-0.12233971822745154
-0.12124662831560433
-0.12016323201828043
-0.11908944468977585
-0.1180251823995452
-0.11697036192660208
-0.11592490075395573
-0.11488871706308162
-0.11386172972842867
-0.11284385831196095
-0.11183502305773507
-0.11083514488651182
-0.10984414539040366
-0.10886194682755672
-0.10788847211686822
-0.10692364483273749
-0.10596738919985317
-0.1050196300880138
-0.10408029300698411
-0.10314930410138434
-0.10222659014561516
-0.10131207853881606
-0.10040569729985856
-0.09950737506237235
-0.09861704106980658
-0.09773462517052402
-0.09686005781292978
-0.09599327004063256
-0.09513419348764018
-0.09428276037358822
-0.09343890349900197
-0.09260255624059101
-0.09177365254657735
-0.09095212693205607
-0.09013791447438893
-0.08933095080863011
-0.0885311721229848
-0.08773851515429991
-0.08695291718358729
-0.08617431603157816
-0.08540265005431037
-0.0846378581387468
-0.08387987969842584
-0.0831286546691426
-0.08238412350466226
-0.081646227172464
-0.08091490714951656
-0.08019010541808365
-0.07947176446156128
-0.07875982726034489
-0.07805423728772708
-0.07735493850582571
-0.07666187536154194
-0.07597499278254871
-0.07529423617330808
-0.0746195514111193
-0.07395088484219553
-0.07328818327777067
-0.0726313939902345
-0.0719804647092975
-0.07133534361818435
-0.07069597934985623
-0.07006232098326126
-0.06943431803961392
-0.06881192047870216
-0.06819507869522326
-0.06758374351514662
-0.06697786619210527
-0.06637739840381432
-0.06578229224851741
-0.06519250024145962
-0.06460797531138836
-0.06402867079708054
-0.0634545404438971
-0.06288553840036361
-0.06232161921477761
-0.061762737831842295
-0.061208849589326424
-0.06065991021474975
-0.06011587582209481
-0.05957670290854402
-0.05904234835124268
-0.05851276940408663
-0.05798792369453579
-0.057467769220452256
-0.0569522643469637
-0.05644136780335086
-0.055935038679960074
-0.05543323642514002
-0.054935920842202814
-0.05444305208640883
-0.0539545906619758
-0.05347049741911146
-0.052990733551070014
-0.05251526059123164
-0.05204404041020565
-0.05157703521295658
-0.0511142075359535
-0.050655520244341674
-0.05020093652913733
-0.04975041990444469
-0.04930393420469563
-0.04886144358191106
-0.048422912502984826
-0.04798830574698923
-0.04755758840250256
-0.04713072586495781
-0.046707683834013226
-0.046288428310943944
-0.045872925596054964
-0.04546114228611478
-0.04505304527181019
-0.044648601735221664
-0.04424777914731939
-0.04385054526547945
-0.043456868131020565
-0.04306671606676074
-0.04268005767459421
-0.042296861833087646
-0.04191709769509665
-0.04154073468540136
-0.041167742498361894
-0.04079809109559245
-0.04043175070365513
-0.04006869181177235
-0.03970888516955843
-0.039352301784769436
-0.03899891292107205
-0.03864869009583051
-0.03830160507791227
-0.037957629885511227
-0.03761673678398953
-0.037278898283736914
-0.0369440871380481
-0.03661227634101745
-0.03628343912545143
-0.03595754896079823
-0.03563457955109486
-0.03531450483293096
-0.03499729897342996
-0.03468293636824683
-0.03437139163958283
-0.03406263963421639
-0.03375665542155089
-0.03345341429167853
-0.03315289175346066
-0.03285506353262374
-0.03255990556987176
-0.0322673940190142
-0.031977505245109866
-0.03169021582262618
-0.031405502533614044
-0.031123342365898008
-0.03084371251128185
-0.03056659036376893
-0.03029195351779787
-0.030019779766492956
-0.02975004709992945
-0.029482733703413273
-0.029217817955775577
-0.02895527842768147
-0.028695093879953292
-0.028437243261907795
-0.02818170570970768
-0.02792846054472697
-0.027677487271930354
-0.027428765578266096
-0.027182275331072807
-0.026937996576499614
-0.026695909537939908
-0.026455994614478187
-0.026218232379350326
-0.025982603578416856
-0.025749089128649396
-0.025517670116629684
-0.025288327797061763
-0.02506104359129661
-0.02483579908586957
-0.02461257603105005
-0.02439135633940381
-0.024172122084367437
-0.02395485549883515
-0.02373953897375746
-0.023526155056752082
-0.0233146864507266
-0.023105116012513062
-0.022897426751514103
-0.022691601828360865
-0.02248762455358233
-0.02228547838628621
-0.022085146932850932
-0.021886613945629133
-0.021689863321662128
-0.021494879101405587
-0.021301645467465935
-0.021110146743348022
-0.020920367392213108
-0.02073229201564794
-0.020545905352444323
-0.020361192277389088
-0.020178137800064697
-0.019996727063660062
-0.01981694534379176
-0.01963877804733527
-0.01946221071126647
-0.01928722900151303
-0.019113818711815875
-0.01894196576260032
-0.01877165619985715
-0.01860287619403326
-0.01843561203893203
-0.01826985015062309
-0.01810557706636165
-0.017942779443517118
-0.017781444058511137
-0.017621557805764642
-0.017463107696654247
-0.01730608085847759
-0.017150464533427723
-0.01699624607757634
-0.01684341295986593
-0.016691952761110615
-0.0165418531730058
-0.016393101997146255
-0.016245687144052914
-0.01609959663220806
-0.015954818587098987
-0.015811341240269852
-0.015669152928381953
-0.015528242092282096
-0.015388597276079167
-0.015250207126228639
-0.01511306039062519
-0.014977145917703164
-0.014842452655544968
-0.014708969650997116
-0.01457668604879414
-0.014445591090690066
-0.014315674114597558
-0.014186924553734475
-0.014059331935778007
-0.013932885882026133
-0.013807576106566506
-0.013683392415452463
-0.013560324705886407
-0.013438362965410231
-0.013317497271102938
-0.013197717788785137
-0.013079014772230666
-0.012961378562385035
-0.012844799586590787
-0.012729268357819548
-0.012614775473910933
-0.012501311616818044
-0.012388867551859679
-0.01227743412697897
-0.012167002272008674
-0.01205756299794282
-0.011949107396214827
-0.011841626637981873
-0.011735111973415644
-0.011629554730999268
-0.011524946316830476
-0.011421278213930798
-0.011318541981560949
-0.011216729254542146
-0.011115831742583515
-0.011015841229615237
-0.010916749573127741
-0.010818548703516617
-0.010721230623433364
-0.010624787407141761
-0.010529211199880012
-0.01043449421722844
-0.010340628744482836
-0.010247607136033208
-0.01015542181474813
-0.010064065271364442
-0.009973530063882413
-0.00988380881696612
-0.009794894221349245
-0.009706779033246016
-0.009619456073767454
-0.00953291822834265
-0.009447158446145246
-0.009362169739524943
-0.009277945183444066
-0.009194477914919038
-0.009111761132466863
-0.009029788095556452
-0.008948552124064858
-0.008868046597738226
-0.008788264955657597
-0.008709200695709381
-0.008630847374060594
-0.00855319860463859
